[[ 0.8907837   0.14899308  0.42930812 -0.01816933]
 [ 0.16606027 -0.98611285 -0.00232885  0.45420122]
 [ 0.42299927  0.07336552 -0.90315509 -0.46972343]
 [ 0.          0.          0.          1.        ]]
[[ 0.88783869  0.14044988  0.43819663 -0.01327007]
 [ 0.16851499 -0.9853665  -0.02560384  0.45141867]
 [ 0.42818822  0.09657478 -0.89851442 -0.47078612]
 [ 0.          0.          0.          1.        ]]
[[ 0.8836276   0.1366225   0.44781308 -0.01265104]
 [ 0.1761499  -0.98321113 -0.04761396  0.45081216]
 [ 0.43378966  0.12095524 -0.89285853 -0.46997935]
 [ 0.          0.          0.          1.        ]]
[[ 0.87776197  0.13071193  0.46092115 -0.0136104 ]
 [ 0.18143229 -0.98109891 -0.06728492  0.45030093]
 [ 0.4434143   0.14268612 -0.88488668 -0.46943852]
 [ 0.          0.          0.          1.        ]]
[[ 0.87541285  0.12547612  0.46680626 -0.01537932]
 [ 0.18029695 -0.98078816 -0.07448223  0.45018524]
 [ 0.44849231  0.14936645 -0.88121752 -0.46939456]
 [ 0.          0.          0.          1.        ]]
[[ 0.87568222  0.12101325  0.46747882 -0.01830431]
 [ 0.17728309 -0.98105389 -0.07812788  0.4506326 ]
 [ 0.4491674   0.15129129 -0.88054505 -0.46910682]
 [ 0.          0.          0.          1.        ]]
[[ 0.87753534  0.11126148  0.46642536 -0.02355872]
 [ 0.16723058 -0.98264825 -0.08022687  0.45187157]
 [ 0.4494059   0.1484025  -0.88091488 -0.46962005]
 [ 0.          0.          0.          1.        ]]
[[ 0.87630803  0.09560131  0.47217012 -0.02918614]
 [ 0.15281527 -0.9846573  -0.08424658  0.45352328]
 [ 0.45687168  0.14598076 -0.87747244 -0.4708159 ]
 [ 0.          0.          0.          1.        ]]
[[ 0.87493778  0.08659515  0.47642961 -0.03296483]
 [ 0.146181   -0.98521154 -0.08938308  0.45437065]
 [ 0.46164381  0.14784959 -0.87465736 -0.47131777]
 [ 0.          0.          0.          1.        ]]
[[ 0.87093015  0.07747297  0.48526139 -0.03853631]
 [ 0.14487042 -0.98408575 -0.10289707  0.45497143]
 [ 0.46956708  0.15991618 -0.86829348 -0.47092053]
 [ 0.          0.          0.          1.        ]]
[[ 0.86473785  0.07333796  0.49684001 -0.0420493 ]
 [ 0.1491801  -0.98213829 -0.11467206  0.4546701 ]
 [ 0.47955578  0.17327991 -0.86023272 -0.47009811]
 [ 0.          0.          0.          1.        ]]
[[ 0.85363876  0.07477181  0.5154707  -0.04752683]
 [ 0.16320352 -0.97820442 -0.1283773   0.45292875]
 [ 0.49463671  0.19371447 -0.84723623 -0.46805575]
 [ 0.          0.          0.          1.        ]]
[[ 0.84191051  0.08308399  0.53318266 -0.05415878]
 [ 0.17720374 -0.97584815 -0.12774671  0.44972703]
 [ 0.5096916   0.20203326 -0.83629961 -0.46584809]
 [ 0.          0.          0.          1.        ]]
[[ 0.83434951  0.08890325  0.5440194  -0.05820561]
 [ 0.18146514 -0.97619767 -0.11877923  0.44712272]
 [ 0.52051061  0.19782395 -0.83062289 -0.46482381]
 [ 0.          0.          0.          1.        ]]
[[ 0.83399188  0.09795725  0.54301189 -0.06383448]
 [ 0.1786686  -0.97903701 -0.09779599  0.44385868]
 [ 0.52204891  0.17858024 -0.83401081 -0.46349603]
 [ 0.          0.          0.          1.        ]]
[[ 0.83957482  0.10562227  0.53287714 -0.06662853]
 [ 0.17537933 -0.98109213 -0.08185545  0.44235742]
 [ 0.51415582  0.16217941 -0.84222422 -0.4621605 ]
 [ 0.          0.          0.          1.        ]]
[[ 0.84581756  0.11127199  0.52173862 -0.06815164]
 [ 0.17168344 -0.9827516  -0.06873201  0.44167319]
 [ 0.50509152  0.14770863 -0.85033212 -0.46084169]
 [ 0.          0.          0.          1.        ]]
[[ 0.85111647  0.11337638  0.51258809 -0.06768572]
 [ 0.16746972 -0.98402397 -0.06042115  0.44217792]
 [ 0.49754863  0.13726842 -0.85650612 -0.46009639]
 [ 0.          0.          0.          1.        ]]
[[ 0.85418477  0.11245485  0.50766355 -0.06633513]
 [ 0.16382082 -0.98481343 -0.05749123  0.44311872]
 [ 0.49348872  0.132274   -0.85963508 -0.45946154]
 [ 0.          0.          0.          1.        ]]
[[ 0.85637763  0.11037765  0.50441465 -0.06421241]
 [ 0.16094618 -0.98527821 -0.05764705  0.4446024 ]
 [ 0.49062581  0.13055126 -0.86153507 -0.45901531]
 [ 0.          0.          0.          1.        ]]
[[ 0.86033333  0.10769727  0.49822471 -0.06117191]
 [ 0.15683963 -0.98593666 -0.05770824  0.44671777]
 [ 0.48500298  0.1277897  -0.86512537 -0.45886531]
 [ 0.          0.          0.          1.        ]]
[[ 0.86650671  0.10120099  0.48879902 -0.05692481]
 [ 0.14713573 -0.9875083  -0.05637753  0.44978267]
 [ 0.47698763  0.12077131 -0.87057285 -0.45965216]
 [ 0.          0.          0.          1.        ]]
[[ 0.86927596  0.09424683  0.48525957 -0.05388319]
 [ 0.1390777  -0.98863234 -0.05712702  0.4517757 ]
 [ 0.47435926  0.11714793 -0.87250195 -0.46073303]
 [ 0.          0.          0.          1.        ]]
[[ 0.8706465   0.08356835  0.48475871 -0.04907659]
 [ 0.12978471 -0.98957013 -0.06250502  0.45449921]
 [ 0.4744793   0.11733405 -0.87241167 -0.46230331]
 [ 0.          0.          0.          1.        ]]
[[ 0.87054792  0.08070277  0.48542083 -0.04635639]
 [ 0.12818068 -0.98959513 -0.06535433  0.45578229]
 [ 0.47509581  0.11911565 -0.87183452 -0.46281299]
 [ 0.          0.          0.          1.        ]]
[[ 0.87148571  0.08135921  0.48362519 -0.04482938]
 [ 0.12898698 -0.98944884 -0.06597988  0.45663801]
 [ 0.47315432  0.11988188 -0.87278481 -0.46241865]
 [ 0.          0.          0.          1.        ]]
[[ 0.87397659  0.08516349  0.4784476  -0.04389523]
 [ 0.1312988  -0.989291   -0.06374911  0.45689994]
 [ 0.4678948   0.11853483 -0.87579903 -0.46191588]
 [ 0.          0.          0.          1.        ]]
[[ 0.87598171  0.09128427  0.47362772 -0.04368383]
 [ 0.13549375 -0.98896031 -0.05999126  0.45675898]
 [ 0.46292276  0.11672484 -0.8786796  -0.46122032]
 [ 0.          0.          0.          1.        ]]
[[ 0.87631831  0.09823827  0.47160945 -0.0440824 ]
 [ 0.14127718 -0.98834868 -0.05663609  0.45628324]
 [ 0.46055074  0.1162589  -0.87998687 -0.46043485]
 [ 0.          0.          0.          1.        ]]
[[ 0.87584494  0.10557838  0.47090217 -0.04491649]
 [ 0.14830309 -0.98744215 -0.05444436  0.45594212]
 [ 0.45924051  0.11752106 -0.88050381 -0.45978415]
 [ 0.          0.          0.          1.        ]]
[[ 0.87374643  0.11386247  0.47286627 -0.04701466]
 [ 0.15776701 -0.98599344 -0.05409714  0.45567596]
 [ 0.46008341  0.12186988 -0.87947199 -0.4594247 ]
 [ 0.          0.          0.          1.        ]]
[[ 0.87124925  0.11732775  0.47661195 -0.04901586]
 [ 0.16221035 -0.9852789  -0.05397491  0.45578215]
 [ 0.46326294  0.12433699 -0.87745528 -0.45982349]
 [ 0.          0.          0.          1.        ]]
[[ 0.86871712  0.11889454  0.48082706 -0.05157743]
 [ 0.16373535 -0.98512061 -0.05223133  0.45620582]
 [ 0.46746263  0.12410264 -0.87525838 -0.46082342]
 [ 0.          0.          0.          1.        ]]
[[ 0.86604484  0.11873338  0.48566317 -0.0548163 ]
 [ 0.16248274 -0.9855034  -0.04880992  0.45689994]
 [ 0.47282734  0.12118346 -0.87278226 -0.46253499]
 [ 0.          0.          0.          1.        ]]
[[ 0.86183279  0.11822953  0.49322005 -0.06052224]
 [ 0.15997854 -0.9861772  -0.043144    0.45837408]
 [ 0.48130147  0.11608753 -0.86883403 -0.46554315]
 [ 0.          0.          0.          1.        ]]
[[ 0.85770802  0.1170429   0.50063751 -0.06463939]
 [ 0.15826745 -0.98656526 -0.04050196  0.45962918]
 [ 0.48917111  0.11397347 -0.86470901 -0.46785873]
 [ 0.          0.          0.          1.        ]]
[[ 0.85330137  0.11637323  0.50826572 -0.06931268]
 [ 0.15712833 -0.98685285 -0.03784353  0.46134856]
 [ 0.49717951  0.11215488 -0.86036842 -0.47096318]
 [ 0.          0.          0.          1.        ]]
[[ 0.84649135  0.11383731  0.52008985 -0.07650198]
 [ 0.15421181 -0.98742244 -0.034866    0.46356449]
 [ 0.50957934  0.10971776 -0.85339962 -0.47556743]
 [ 0.          0.          0.          1.        ]]
[[ 0.84060956  0.11115828  0.53011264 -0.08144261]
 [ 0.15158605 -0.9878855  -0.03322506  0.46523756]
 [ 0.51999735  0.10828699 -0.84727604 -0.47924477]
 [ 0.          0.          0.          1.        ]]
[[ 0.83325529  0.10832512  0.54217275 -0.08659901]
 [ 0.14946315 -0.98824094 -0.03225843  0.46678886]
 [ 0.53230291  0.10791436 -0.83964761 -0.48308742]
 [ 0.          0.          0.          1.        ]]
[[ 0.82576484  0.10633599  0.55389989 -0.09203678]
 [ 0.14846999 -0.98841224 -0.03158965  0.4680976 ]
 [ 0.54412231  0.10832313 -0.83198378 -0.48681405]
 [ 0.          0.          0.          1.        ]]
[[ 0.81881478  0.10519737  0.56433667 -0.09783038]
 [ 0.14842585 -0.9884343  -0.03110305  0.46912688]
 [ 0.55453776  0.10922978 -0.82495862 -0.49007207]
 [ 0.          0.          0.          1.        ]]
[[ 0.81165059  0.10557204  0.57452404 -0.10391798]
 [ 0.14935682 -0.98834656 -0.02938745  0.47015923]
 [ 0.56472636  0.10966142 -0.81795997 -0.49347094]
 [ 0.          0.          0.          1.        ]]
[[ 0.80474036  0.10629915  0.58403206 -0.11032621]
 [ 0.14916874 -0.98847959 -0.02562799  0.47105005]
 [ 0.57457954  0.1077432  -0.81132593 -0.49716827]
 [ 0.          0.          0.          1.        ]]
[[ 0.79716782  0.1080316   0.594014   -0.11684788]
 [ 0.14917165 -0.98860097 -0.02039464  0.47194159]
 [ 0.58503955  0.104868   -0.80419614 -0.50109512]
 [ 0.          0.          0.          1.        ]]
[[ 0.78889505  0.1103899   0.60453178 -0.12341986]
 [ 0.15021061 -0.98853235 -0.01551023  0.47277975]
 [ 0.59588704  0.10304303 -0.79643001 -0.50505126]
 [ 0.          0.          0.          1.        ]]
[[ 0.78033053  0.11207971  0.61524174 -0.13007268]
 [ 0.15061537 -0.98853182 -0.01094759  0.47353205]
 [ 0.60695904  0.1012076  -0.78826249 -0.50912178]
 [ 0.          0.          0.          1.        ]]
[[ 0.77189476  0.11360927  0.62551691 -0.13616467]
 [ 0.15068842 -0.98856056 -0.00640423  0.4742628 ]
 [ 0.61763377  0.09920155 -0.78018432 -0.51311153]
 [ 0.          0.          0.          1.        ]]
[[ 0.76398439  0.11513705  0.63487897 -0.14253971]
 [ 0.15023129 -0.98864976 -0.00148712  0.47492912]
 [ 0.62750172  0.09651483 -0.77261017 -0.51721328]
 [ 0.          0.          0.          1.        ]]
[[ 0.75743075  0.11669574  0.64240234 -0.14912751]
 [ 0.1486297  -0.98888317  0.00439249  0.47552055]
 [ 0.63577344  0.09215306 -0.76635497 -0.52132988]
 [ 0.          0.          0.          1.        ]]
[[ 0.75152139  0.11809656  0.64905223 -0.15634361]
 [ 0.14508151 -0.9893466   0.01202765  0.47617674]
 [ 0.64355804  0.08512644 -0.76064876 -0.52567315]
 [ 0.          0.          0.          1.        ]]
[[ 0.74748147  0.12025295  0.6533075  -0.16399552]
 [ 0.14104651 -0.98978425  0.02080922  0.47692016]
 [ 0.64913584  0.07659224 -0.75680664 -0.53004718]
 [ 0.          0.          0.          1.        ]]
[[ 0.74330566  0.1221637   0.65770261 -0.17165923]
 [ 0.13840267 -0.98999505  0.02746831  0.47781506]
 [ 0.65447796  0.07061045 -0.7527767  -0.53444457]
 [ 0.          0.          0.          1.        ]]
[[ 0.73464319  0.12426283  0.66697687 -0.1792455 ]
 [ 0.13720484 -0.98998224  0.03331658  0.47874838]
 [ 0.66443526  0.06703666 -0.74433317 -0.5390721 ]
 [ 0.          0.          0.          1.        ]]
[[ 0.72432951  0.12623691  0.67779864 -0.18698767]
 [ 0.13465558 -0.99006464  0.04049534  0.47950009]
 [ 0.67617648  0.0619374  -0.73413154 -0.54407769]
 [ 0.          0.          0.          1.        ]]
[[ 0.71482814  0.12857388  0.68737871 -0.19503307]
 [ 0.13073969 -0.99019247  0.04925448  0.47996446]
 [ 0.68697006  0.05465919 -0.72462715 -0.54932278]
 [ 0.          0.          0.          1.        ]]
[[ 0.70419974  0.13155916  0.69770689 -0.20293203]
 [ 0.12832506 -0.99008295  0.05717015  0.48043424]
 [ 0.69830896  0.04927408 -0.7140985  -0.5545513 ]
 [ 0.          0.          0.          1.        ]]
[[ 0.69433525  0.13499713  0.70687646 -0.21077628]
 [ 0.12687828 -0.98982508  0.06440656  0.48089042]
 [ 0.70837875  0.04496752 -0.70439865 -0.55977142]
 [ 0.          0.          0.          1.        ]]
[[ 0.68349921  0.13884566  0.71662453 -0.21862155]
 [ 0.12524036 -0.9894913   0.07226223  0.48133945]
 [ 0.71912703  0.04035914 -0.6937056  -0.56518155]
 [ 0.          0.          0.          1.        ]]
[[ 0.67162776  0.14262304  0.72703152 -0.22627713]
 [ 0.12495627 -0.98904486  0.07858873  0.48164833]
 [ 0.73027535  0.03806478 -0.68209163 -0.57057071]
 [ 0.          0.          0.          1.        ]]
[[ 0.65895268  0.14678341  0.73772353 -0.23383117]
 [ 0.12673281 -0.9884193   0.08346301  0.48188213]
 [ 0.74143116  0.0384956  -0.66992382 -0.57590491]
 [ 0.          0.          0.          1.        ]]
[[ 0.64567555  0.15091105  0.74855123 -0.24167693]
 [ 0.12840327 -0.98777578  0.0883833   0.4819735 ]
 [ 0.75273879  0.03904949 -0.65716014 -0.58133644]
 [ 0.          0.          0.          1.        ]]
[[ 0.63574968  0.15369733  0.75643868 -0.24957302]
 [ 0.12864465 -0.98736744  0.09249916  0.4821409 ]
 [ 0.7610998   0.03850547 -0.64749087 -0.58688825]
 [ 0.          0.          0.          1.        ]]
[[ 0.62409461  0.16066991  0.76465096 -0.26159939]
 [ 0.1313601  -0.98627565  0.10002432  0.48247305]
 [ 0.77022753  0.03801999 -0.63663493 -0.59504336]
 [ 0.          0.          0.          1.        ]]
[[ 0.61241766  0.16590859  0.77292881 -0.26897103]
 [ 0.13578321 -0.98527514  0.10390293  0.48329505]
 [ 0.77878593  0.04131877 -0.6259275  -0.60094333]
 [ 0.          0.          0.          1.        ]]
[[ 0.60041645  0.16872387  0.78168558 -0.27652338]
 [ 0.1367138  -0.98475548  0.10754521  0.48348069]
 [ 0.7879146   0.04229529 -0.61433028 -0.60685521]
 [ 0.          0.          0.          1.        ]]
[[ 0.59110303  0.17004238  0.78846864 -0.28416637]
 [ 0.1343725  -0.98462556  0.11160885  0.48353761]
 [ 0.79532461  0.03997617 -0.60486417 -0.61298102]
 [ 0.          0.          0.          1.        ]]
[[ 0.58420591  0.17010639  0.79357877 -0.2956585 ]
 [ 0.13028742 -0.98476395  0.1151744   0.48359811]
 [ 0.80107967  0.03610777 -0.59746765 -0.62136042]
 [ 0.          0.          0.          1.        ]]
[[ 0.57547993  0.1718009   0.79956694 -0.30319238]
 [ 0.12914381 -0.98450927  0.11858908  0.48382947]
 [ 0.80755478  0.03501348 -0.58875235 -0.6271891 ]
 [ 0.          0.          0.          1.        ]]
[[ 0.56434979  0.17215364  0.80738617 -0.31033087]
 [ 0.12874289 -0.98440198  0.11990837  0.48410788]
 [ 0.81543521  0.03627496 -0.57771061 -0.63298815]
 [ 0.          0.          0.          1.        ]]
[[ 0.55455871  0.17218777  0.81413513 -0.31742769]
 [ 0.12888163 -0.98432466  0.12039308  0.48409411]
 [ 0.8221035   0.03816203 -0.56805765 -0.63848704]
 [ 0.          0.          0.          1.        ]]
[[ 0.54300559  0.17298951  0.82171744 -0.32437429]
 [ 0.12876748 -0.98413066  0.12208919  0.48406437]
 [ 0.82979748  0.03951537 -0.55666388 -0.64443439]
 [ 0.          0.          0.          1.        ]]
[[ 0.53124289  0.1736335   0.82923603 -0.3314403 ]
 [ 0.12686348 -0.9840412   0.12477412  0.48450628]
 [ 0.83766739  0.0389144  -0.54479264 -0.65183103]
 [ 0.          0.          0.          1.        ]]
[[ 0.52156039  0.17625889  0.8348099  -0.33889514]
 [ 0.12258648 -0.98375821  0.13111953  0.48443791]
 [ 0.84436207  0.03394965 -0.53469628 -0.6591354 ]
 [ 0.          0.          0.          1.        ]]
[[ 0.51023762  0.18017072  0.84094951 -0.35027745]
 [ 0.11138991 -0.9834185   0.14310955  0.48403296]
 [ 0.85278946  0.02065341 -0.52184631 -0.67023814]
 [ 0.          0.          0.          1.        ]]
[[ 0.50093533  0.18249614  0.84602539 -0.35547164]
 [ 0.10561156 -0.98310046  0.14953154  0.48452803]
 [ 0.85901688  0.01444443 -0.51174346 -0.67645293]
 [ 0.          0.          0.          1.        ]]
[[ 0.48634478  0.18349684  0.85428196 -0.36174351]
 [ 0.10060787 -0.98295742  0.15385959  0.48501214]
 [ 0.86795554  0.01111869 -0.49651743 -0.68397456]
 [ 0.          0.          0.          1.        ]]
[[ 0.46666459  0.17895257  0.86614094 -0.36992469]
 [ 0.09369724 -0.98380832  0.15278096  0.48640332]
 [ 0.87945721  0.00985755 -0.47587587 -0.69499981]
 [ 0.          0.          0.          1.        ]]
[[ 0.45385056  0.17559148  0.87360592 -0.3752113 ]
 [ 0.08805479 -0.98443154  0.1521213   0.48733574]
 [ 0.88671643  0.00788485 -0.46224648 -0.70249575]
 [ 0.          0.          0.          1.        ]]
[[ 0.43879539  0.17349932  0.88167828 -0.3804194 ]
 [ 0.08477591 -0.98479965  0.15160041  0.48833624]
 [ 0.89457904  0.00822352 -0.44683411 -0.70988101]
 [ 0.          0.          0.          1.        ]]
[[ 0.42164575  0.17218323  0.89026277 -0.38528207]
 [ 0.08438105 -0.98499609  0.15054083  0.4894684 ]
 [ 0.90282595  0.01164641 -0.42984842 -0.71692169]
 [ 0.          0.          0.          1.        ]]
[[ 0.40229225  0.16933784  0.8997142  -0.39055777]
 [ 0.08367027 -0.98543275  0.1480594   0.490926  ]
 [ 0.91167989  0.01571618 -0.4106005  -0.72897035]
 [ 0.          0.          0.          1.        ]]
[[ 0.38778319  0.16906751  0.90611278 -0.39455852]
 [ 0.08393354 -0.98542739  0.14794598  0.49196768]
 [ 0.91792122  0.01868228 -0.39632261 -0.73543215]
 [ 0.          0.          0.          1.        ]]
[[ 0.37068694  0.17172054  0.9127449  -0.39826959]
 [ 0.08661674 -0.98486742  0.15011234  0.49241665]
 [ 0.92471008  0.0234143  -0.37995136 -0.73950094]
 [ 0.          0.          0.          1.        ]]
[[ 0.3554132   0.1735457   0.91845705 -0.40338442]
 [ 0.09173528 -0.98434512  0.15049689  0.49333364]
 [ 0.9301968   0.03076633 -0.36576951 -0.74635422]
 [ 0.          0.          0.          1.        ]]
[[ 0.34798233  0.17545571  0.92093626 -0.40580764]
 [ 0.08988061 -0.98404965  0.15351797  0.49246058]
 [ 0.9331826   0.02935277 -0.35820196 -0.74894428]
 [ 0.          0.          0.          1.        ]]
[[ 0.3404173   0.17768693  0.92333278 -0.40899152]
 [ 0.08490412 -0.98377947  0.15801662  0.4913688 ]
 [ 0.93643331  0.02460316 -0.3499819  -0.75345182]
 [ 0.          0.          0.          1.        ]]
[[ 0.33708326  0.17884187  0.92433244 -0.41038102]
 [ 0.08263981 -0.98362295  0.16017665  0.4906756 ]
 [ 0.93784089  0.02239379 -0.34634229 -0.75570118]
 [ 0.          0.          0.          1.        ]]
[[ 0.3346946   0.18038691  0.92490004 -0.41109154]
 [ 0.08050505 -0.98339203  0.16266238  0.48991516]
 [ 0.93888149  0.02001691 -0.34365806 -0.75686425]
 [ 0.          0.          0.          1.        ]]
[[ 0.33510107  0.18005443  0.92481764 -0.40645549]
 [ 0.07899011 -0.98348307  0.16285461  0.48900259]
 [ 0.93886518  0.0184787  -0.34378875 -0.75321162]
 [ 0.          0.          0.          1.        ]]
[[ 0.33513551  0.18278284  0.92426978 -0.40399474]
 [ 0.08328116 -0.98290823  0.16418181  0.48856372]
 [ 0.93848199  0.02195111 -0.34462982 -0.75098014]
 [ 0.          0.          0.          1.        ]]
[[ 0.33877635  0.18666563  0.92216405 -0.40070996]
 [ 0.08937289 -0.98207426  0.16595972  0.48860231]
 [ 0.93661255  0.02619323 -0.34938638 -0.74639136]
 [ 0.          0.          0.          1.        ]]
[[ 0.34469523  0.18201657  0.92089911 -0.39598575]
 [ 0.08879806 -0.98294466  0.16104256  0.48934862]
 [ 0.93450527  0.02626345 -0.35497905 -0.74196815]
 [ 0.          0.          0.          1.        ]]
[[ 0.35650799  0.17785987  0.91720658 -0.38992178]
 [ 0.09147832 -0.98364072  0.15518583  0.49078184]
 [ 0.92980308  0.02857953 -0.3669461  -0.73474813]
 [ 0.          0.          0.          1.        ]]
[[ 0.37353657  0.17157851  0.91160915 -0.38204855]
 [ 0.09362125 -0.98469988  0.14697349  0.49271613]
 [ 0.92287892  0.03044601 -0.38388481 -0.72597051]
 [ 0.          0.          0.          1.        ]]
[[ 0.39098761  0.16600919  0.90530085 -0.37230986]
 [ 0.10016971 -0.98543186  0.13744119  0.49447966]
 [ 0.9149288   0.03694592 -0.40192074 -0.71437156]
 [ 0.          0.          0.          1.        ]]
[[ 0.40141362  0.16520539  0.90087418 -0.36499593]
 [ 0.10892653 -0.98522807  0.13213876  0.49554199]
 [ 0.90939657  0.04508679 -0.41347922 -0.70521492]
 [ 0.          0.          0.          1.        ]]
[[ 0.41146684  0.16464605  0.89642998 -0.35696197]
 [ 0.11767954 -0.98491244  0.12688187  0.49644372]
 [ 0.90379564  0.05328379 -0.42463428 -0.69567817]
 [ 0.          0.          0.          1.        ]]
[[ 0.42465191  0.16208332  0.8907299  -0.34833631]
 [ 0.12176685 -0.98513003  0.12120915  0.49789724]
 [ 0.89713076  0.05698968 -0.43807372 -0.6885131 ]
 [ 0.          0.          0.          1.        ]]
[[ 0.4409215   0.15703985  0.88370058 -0.33911091]
 [ 0.11992949 -0.98605378  0.11539004  0.49823275]
 [ 0.88949713  0.05510381 -0.45360603 -0.67976063]
 [ 0.          0.          0.          1.        ]]
[[ 0.45917758  0.15204562  0.87523601 -0.32978037]
 [ 0.11458452 -0.98715071  0.11137259  0.49878973]
 [ 0.88092357  0.0491487  -0.47069955 -0.67186391]
 [ 0.          0.          0.          1.        ]]
[[ 0.4778575   0.1488638   0.86573193 -0.31988361]
 [ 0.10944039 -0.9879468   0.10947107  0.49858385]
 [ 0.87159337  0.04243447 -0.4883895  -0.66302496]
 [ 0.          0.          0.          1.        ]]
[[ 0.49339974  0.14719825  0.85725689 -0.30923304]
 [ 0.1073139  -0.98834819  0.10794253  0.49826568]
 [ 0.86315724  0.03873677 -0.50344716 -0.65376705]
 [ 0.          0.          0.          1.        ]]
[[ 0.50911935  0.14602968  0.84821744 -0.29777369]
 [ 0.10879021 -0.98851595  0.10488521  0.4979842 ]
 [ 0.85379282  0.03887867 -0.5191592  -0.64407587]
 [ 0.          0.          0.          1.        ]]
[[ 0.52499672  0.14357983  0.838906   -0.28530344]
 [ 0.11141472 -0.98877968  0.09950633  0.49818966]
 [ 0.8437803   0.04122598 -0.535103   -0.63530385]
 [ 0.          0.          0.          1.        ]]
[[ 0.54357946  0.14279973  0.82712128 -0.26560223]
 [ 0.11994991 -0.98852333  0.09183485  0.49789587]
 [ 0.83074267  0.04929359 -0.55446979 -0.61979306]
 [ 0.          0.          0.          1.        ]]
[[ 0.55729947  0.1433008   0.81785217 -0.2521292 ]
 [ 0.1281474  -0.98803692  0.0857979   0.49780902]
 [ 0.82036305  0.0569905  -0.56899608 -0.60914379]
 [ 0.          0.          0.          1.        ]]
[[ 0.57228118  0.14292074  0.80750722 -0.23836008]
 [ 0.1360541  -0.98759655  0.07837308  0.49775454]
 [ 0.80869248  0.06501323 -0.58462787 -0.59870321]
 [ 0.          0.          0.          1.        ]]
[[ 0.58393287  0.14190778  0.79930256 -0.22418645]
 [ 0.1422296  -0.98725728  0.0713709   0.49752378]
 [ 0.79924536  0.07200867 -0.59667546 -0.58868402]
 [ 0.          0.          0.          1.        ]]
[[ 0.59584869  0.1407943   0.79065878 -0.21122831]
 [ 0.14641175 -0.9870575   0.06543002  0.4968037 ]
 [ 0.78963785  0.07677535 -0.60875086 -0.58003354]
 [ 0.          0.          0.          1.        ]]
[[ 0.61282579  0.13992133  0.77773168 -0.19786462]
 [ 0.14785136 -0.98712102  0.06109068  0.49617463]
 [ 0.77626318  0.07755075 -0.62562078 -0.57120162]
 [ 0.          0.          0.          1.        ]]
[[ 0.62842751  0.140403    0.76509206 -0.18570939]
 [ 0.14567702 -0.98741594  0.06154646  0.49578431]
 [ 0.76410541  0.07277884 -0.64097283 -0.56439203]
 [ 0.          0.          0.          1.        ]]
[[ 0.64560292  0.13945211  0.75083285 -0.17297752]
 [ 0.13932016 -0.98819368  0.06374281  0.49496645]
 [ 0.75085735  0.06345361 -0.65740922 -0.55705607]
 [ 0.          0.          0.          1.        ]]
[[ 0.66696583  0.13700186  0.73238451 -0.16004226]
 [ 0.1306326  -0.98922603  0.06608322  0.49384165]
 [ 0.73354735  0.05159804 -0.67767686 -0.5492208 ]
 [ 0.          0.          0.          1.        ]]
[[ 0.68657504  0.13780504  0.71387988 -0.14868838]
 [ 0.12430063 -0.98966547  0.07149547  0.49326184]
 [ 0.7163547   0.03964871 -0.69660887 -0.54280686]
 [ 0.          0.          0.          1.        ]]
[[ 0.70513133  0.14036603  0.69504474 -0.13688515]
 [ 0.12097127 -0.98965445  0.07713638  0.49223205]
 [ 0.69868144  0.02968917 -0.71481661 -0.5356915 ]
 [ 0.          0.          0.          1.        ]]
[[ 0.72139392  0.14030236  0.67816374 -0.12459316]
 [ 0.11761778 -0.98985779  0.07967195  0.49073374]
 [ 0.68246382  0.02228925 -0.73057944 -0.5284462 ]
 [ 0.          0.          0.          1.        ]]
[[ 0.73294357  0.14106036  0.6655041  -0.11305184]
 [ 0.11661839 -0.98983789  0.08137018  0.48935014]
 [ 0.67021928  0.01797026 -0.74194554 -0.52173173]
 [ 0.          0.          0.          1.        ]]
[[ 0.74347684  0.14470495  0.65291858 -0.10182202]
 [ 0.11948055 -0.98934315  0.08321379  0.48779425]
 [ 0.65800197  0.01614355 -0.75284314 -0.51505882]
 [ 0.          0.          0.          1.        ]]
[[ 0.75429434  0.14820223  0.63959062 -0.09102704]
 [ 0.12254346 -0.98884994  0.08461025  0.48602057]
 [ 0.64499857  0.01455661 -0.76404512 -0.50875819]
 [ 0.          0.          0.          1.        ]]
[[ 0.76478907  0.14924612  0.62675616 -0.08095252]
 [ 0.12264831 -0.98873591  0.08578283  0.48406401]
 [ 0.63249907  0.01126481 -0.7744792  -0.50316882]
 [ 0.          0.          0.          1.        ]]
[[ 0.77685269  0.15062054  0.61140278 -0.07073417]
 [ 0.12220487 -0.98857253  0.08826284  0.48219272]
 [ 0.61771018  0.00614917 -0.78638179 -0.49759284]
 [ 0.          0.          0.          1.        ]]
[[ 7.91283534e-01  1.53440278e-01  5.91883814e-01 -6.26201704e-02]
 [ 1.22523347e-01 -9.88157758e-01  9.23703141e-02  4.80020374e-01]
 [ 5.99047909e-01 -5.71522434e-04 -8.00712980e-01 -4.92651939e-01]
 [ 0.00000000e+00  0.00000000e+00  0.00000000e+00  1.00000000e+00]]
[[ 0.80144909  0.15613659  0.57732202 -0.05471923]
 [ 0.12183553 -0.98770148  0.09798928  0.47742608]
 [ 0.58552153 -0.00819509 -0.81061543 -0.48871392]
 [ 0.          0.          0.          1.        ]]
[[ 0.81075822  0.15873419  0.56344882 -0.04786178]
 [ 0.12219724 -0.98722098  0.10228666  0.47521806]
 [ 0.57248489 -0.01407786 -0.81979441 -0.48501453]
 [ 0.          0.          0.          1.        ]]
[[ 0.82082096  0.16138254  0.54791298 -0.04188742]
 [ 0.12354657 -0.98671019  0.10554264  0.4732962 ]
 [ 0.55766406 -0.01893884 -0.82985066 -0.48156184]
 [ 0.          0.          0.          1.        ]]
[[ 0.8275156   0.16452773  0.53679471 -0.03646965]
 [ 0.12431185 -0.98606101  0.11059048  0.47140643]
 [ 0.54750753 -0.02478541 -0.83643361 -0.47873345]
 [ 0.          0.          0.          1.        ]]
[[ 0.83366207  0.16505315  0.52703417 -0.03068325]
 [ 0.12319612 -0.98582845  0.11386389  0.46930084]
 [ 0.53835887 -0.02999545 -0.84218169 -0.47611541]
 [ 0.          0.          0.          1.        ]]
[[ 0.83763338  0.16307821  0.52132122 -0.02560872]
 [ 0.12045254 -0.98604554  0.1149147   0.4674086 ]
 [ 0.53278655 -0.03346192 -0.84558784 -0.47418678]
 [ 0.          0.          0.          1.        ]]
[[ 0.84088195  0.16396276  0.51578461 -0.02030806]
 [ 0.12062844 -0.98581201  0.11671962  0.4658244 ]
 [ 0.52760433 -0.03592913 -0.84873009 -0.4721114 ]
 [ 0.          0.          0.          1.        ]]
[[ 0.84634741  0.1657199   0.5061946  -0.01605688]
 [ 0.12248411 -0.98545107  0.11782968  0.46426398]
 [ 0.51835673 -0.03772405 -0.85433202 -0.4697513 ]
 [ 0.          0.          0.          1.        ]]
[[ 0.8517324   0.16601877  0.49698058 -0.01259382]
 [ 0.12324477 -0.98534303  0.11793997  0.4627547 ]
 [ 0.5092766  -0.03920303 -0.85970953 -0.46749005]
 [ 0.          0.          0.          1.        ]]
[[ 0.85489241  0.16711547  0.49115313 -0.0088898 ]
 [ 0.12460154 -0.9851278   0.11831174  0.46152988]
 [ 0.50362032 -0.03994537 -0.86300112 -0.46550173]
 [ 0.          0.          0.          1.        ]]
[[ 0.85803633  0.16836165  0.48520924 -0.00437301]
 [ 0.12896381 -0.98510243  0.11376089  0.46020257]
 [ 0.49713377 -0.03503655 -0.86696624 -0.46247181]
 [ 0.          0.          0.          1.        ]]
[[ 0.86110173  0.1689266   0.47954939 -0.00197797]
 [ 0.13309052 -0.98519514  0.10806226  0.45961761]
 [ 0.49070431 -0.02922912 -0.87083577 -0.4603976 ]
 [ 0.          0.          0.          1.        ]]
[[ 8.62015930e-01  1.69983377e-01  4.77529253e-01  9.75981355e-04]
 [ 1.37402978e-01 -9.85181362e-01  1.02655280e-01  4.59049821e-01]
 [ 4.87902611e-01 -2.28765455e-02 -8.72598250e-01 -4.58322823e-01]
 [ 0.00000000e+00  0.00000000e+00  0.00000000e+00  1.00000000e+00]]
[[ 0.86218814  0.16931125  0.47745713  0.00379468]
 [ 0.14161139 -0.98547414  0.09373867  0.45856717]
 [ 0.48639266 -0.013207   -0.87364052 -0.45601046]
 [ 0.          0.          0.          1.        ]]
[[ 0.86482535  0.16876958  0.47285721  0.00482748]
 [ 0.14367003 -0.985614    0.08901668  0.45829156]
 [ 0.48107799 -0.00904847 -0.8766311  -0.45430389]
 [ 0.          0.          0.          1.        ]]
[[ 0.86844079  0.16822263  0.46638153  0.00593756]
 [ 0.14562675 -0.98573443  0.08438291  0.458141  ]
 [ 0.47392345 -0.00536394 -0.88054971 -0.45220402]
 [ 0.          0.          0.          1.        ]]
[[ 0.87021895  0.16633062  0.46373819  0.00652797]
 [ 0.14473132 -0.98606062  0.08208109  0.45818308]
 [ 0.47092657 -0.00431108 -0.88216188 -0.45129487]
 [ 0.          0.          0.          1.        ]]
[[ 0.87130308  0.16283828  0.46294128  0.00684779]
 [ 0.14190793 -0.98664475  0.07996418  0.45846209]
 [ 0.46977982 -0.003978   -0.88277466 -0.45058662]
 [ 0.          0.          0.          1.        ]]
[[ 0.87209564  0.16063648  0.4622176   0.00692378]
 [ 0.14016381 -0.9870066   0.0785626   0.45877901]
 [ 0.46883184 -0.00372792 -0.88327958 -0.45024517]
 [ 0.          0.          0.          1.        ]]
[[ 0.87373137  0.15841608  0.45988895  0.00651124]
 [ 0.13827371 -0.98736416  0.07741061  0.45934471]
 [ 0.46634095 -0.00404552 -0.88459581 -0.44960189]
 [ 0.          0.          0.          1.        ]]
[[ 0.87520844  0.15712375  0.45751755  0.00614442]
 [ 0.13633981 -0.98755953  0.078343    0.45937932]
 [ 0.46413536 -0.0061886  -0.88574266 -0.44948903]
 [ 0.          0.          0.          1.        ]]
[[ 0.87609858  0.15586219  0.45624363  0.00574724]
 [ 0.13403726 -0.98773803  0.0800475   0.45914781]
 [ 0.46312556 -0.00897585 -0.88624723 -0.44958249]
 [ 0.          0.          0.          1.        ]]
[[ 0.87751371  0.15540669  0.45367218  0.00496865]
 [ 0.13230029 -0.98777348  0.08246326  0.45850796]
 [ 0.46094069 -0.01234168 -0.88734512 -0.44962654]
 [ 0.          0.          0.          1.        ]]
[[ 0.8778619   0.15823167  0.45201906  0.00470292]
 [ 0.13518146 -0.9873311   0.08308588  0.45757285]
 [ 0.45943929 -0.01183333 -0.88813034 -0.44921795]
 [ 0.          0.          0.          1.        ]]
[[ 0.87738207  0.16024367  0.45224182  0.00503677]
 [ 0.13916232 -0.98705235  0.07975903  0.45701492]
 [ 0.45916723 -0.00704412 -0.88832192 -0.44867188]
 [ 0.          0.          0.          1.        ]]
[[ 0.87679891  0.1623243   0.45263064  0.00507863]
 [ 0.14347705 -0.9867361   0.07593547  0.45657513]
 [ 0.45895317 -0.00163803 -0.88845895 -0.44784349]
 [ 0.          0.          0.          1.        ]]
[[ 0.87716678  0.16537974  0.45080813  0.00547466]
 [ 0.14868755 -0.98622394  0.07248689  0.45591787]
 [ 0.45658564  0.00344647 -0.88967279 -0.44677973]
 [ 0.          0.          0.          1.        ]]
[[ 0.87764239  0.1663781   0.44951326  0.00547722]
 [ 0.15011912 -0.98605219  0.07187017  0.45561165]
 [ 0.45520116  0.00440423 -0.89037773 -0.44602266]
 [ 0.          0.          0.          1.        ]]
[[ 0.87838835  0.16698112  0.44782944  0.00550142]
 [ 0.15082059 -0.98594996  0.07180407  0.45544147]
 [ 0.45352734  0.00447004 -0.89123115 -0.44551283]
 [ 0.          0.          0.          1.        ]]
[[ 0.87947727  0.16683558  0.44574165  0.00557054]
 [ 0.15079999 -0.9859752   0.07150013  0.45537174]
 [ 0.45141898  0.0043351  -0.89230158 -0.44521353]
 [ 0.          0.          0.          1.        ]]
[[ 0.88052021  0.16603227  0.44397909  0.00563637]
 [ 0.15001701 -0.98611274  0.07125003  0.45529354]
 [ 0.44964324  0.00386732 -0.89319986 -0.44497684]
 [ 0.          0.          0.          1.        ]]
[[ 0.8812239   0.16385934  0.44338984  0.00567243]
 [ 0.14783686 -0.98647849  0.07074212  0.45520008]
 [ 0.4489863   0.00320971 -0.89353288 -0.44502595]
 [ 0.          0.          0.          1.        ]]
[[ 0.88046093  0.16320291  0.44514421  0.00568393]
 [ 0.14761308 -0.98658314  0.069743    0.45521453]
 [ 0.45055403  0.00430312 -0.89273879 -0.44509912]
 [ 0.          0.          0.          1.        ]]
[[ 0.88008502  0.16233465  0.44620379  0.00558422]
 [ 0.1476943  -0.98671535  0.06766986  0.45523047]
 [ 0.4512613   0.00634653 -0.8923693  -0.44473076]
 [ 0.          0.          0.          1.        ]]
[[ 0.88048691  0.16173128  0.44562966  0.00526172]
 [ 0.14737999 -0.98681186  0.0669439   0.45520636]
 [ 0.45057956  0.00673367 -0.89271088 -0.44437811]
 [ 0.          0.          0.          1.        ]]
[[ 0.88077273  0.16127884  0.44522864  0.00490692]
 [ 0.14692493 -0.98688715  0.06683428  0.45517385]
 [ 0.45016938  0.00654938 -0.89291917 -0.44417435]
 [ 0.          0.          0.          1.        ]]
[[ 0.88075535  0.16092276  0.44539182  0.00459311]
 [ 0.14648486 -0.98694687  0.06691837  0.45519498]
 [ 0.45034675  0.00630445 -0.89283149 -0.44410098]
 [ 0.          0.          0.          1.        ]]
[[ 0.88100232  0.16027294  0.44513761  0.00432021]
 [ 0.1457773  -0.98705465  0.06687372  0.4552862 ]
 [ 0.45009319  0.00597506 -0.8929616  -0.44410348]
 [ 0.          0.          0.          1.        ]]
[[ 0.88161176  0.15924633  0.44429867  0.00394096]
 [ 0.14444421 -0.98722668  0.06722621  0.45552963]
 [ 0.44932903  0.00490896 -0.89335286 -0.44401172]
 [ 0.          0.          0.          1.        ]]
[[ 0.88132881  0.15779454  0.44537672  0.00395567]
 [ 0.14320116 -0.98745833  0.06647905  0.45564815]
 [ 0.45028098  0.00518856 -0.89287184 -0.44434783]
 [ 0.          0.          0.          1.        ]]
[[ 0.88074086  0.15651614  0.44698797  0.00385016]
 [ 0.1422298  -0.98765832  0.0655876   0.45565224]
 [ 0.4517369   0.00580933 -0.89213229 -0.44462737]
 [ 0.          0.          0.          1.        ]]
[[ 0.88054938  0.1555239   0.44771097  0.00396888]
 [ 0.14179673 -0.98780802  0.06425738  0.45559964]
 [ 0.45224604  0.00690215 -0.89186651 -0.44487122]
 [ 0.          0.          0.          1.        ]]
[[ 0.88027419  0.15527543  0.44833792  0.0041096 ]
 [ 0.1421646  -0.98783647  0.06299468  0.45549038]
 [ 0.45266608  0.00828519 -0.89164162 -0.44497445]
 [ 0.          0.          0.          1.        ]]
[[ 0.88028559  0.15569696  0.44816931  0.00417959]
 [ 0.14330829 -0.98775485  0.06166913  0.45543402]
 [ 0.45228311  0.00993993 -0.89181903 -0.44489226]
 [ 0.          0.          0.          1.        ]]
[[ 0.88043249  0.15688456  0.44746606  0.00432376]
 [ 0.14524008 -0.98754701  0.06046668  0.45536631]
 [ 0.45138006  0.01175317 -0.8922544  -0.44464725]
 [ 0.          0.          0.          1.        ]]
[[ 0.88057379  0.15814789  0.44674271  0.00448916]
 [ 0.14715206 -0.98732482  0.05946396  0.45531216]
 [ 0.45048427  0.0133767  -0.89268415 -0.4443894 ]
 [ 0.          0.          0.          1.        ]]
[[ 0.88072771  0.15829395  0.44638741  0.00472581]
 [ 0.14785644 -0.98728431  0.0583795   0.45529991]
 [ 0.44995241  0.01458481 -0.89293343 -0.44418004]
 [ 0.          0.          0.          1.        ]]
[[ 0.88074491  0.15801935  0.44645077  0.00490416]
 [ 0.14778393 -0.98732253  0.05791484  0.45531383]
 [ 0.44994257  0.01497005 -0.89293201 -0.44417822]
 [ 0.          0.          0.          1.        ]]
[[ 0.88110793  0.1573568   0.44596822  0.00505717]
 [ 0.1470955  -0.98743268  0.05778939  0.45530424]
 [ 0.44945715  0.01468123 -0.89318124 -0.44425842]
 [ 0.          0.          0.          1.        ]]
[[ 0.88160999  0.1569263   0.4451269   0.00514942]
 [ 0.14658884 -0.98750697  0.0578074   0.45527238]
 [ 0.44863741  0.01428706 -0.89359966 -0.44416261]
 [ 0.          0.          0.          1.        ]]
[[ 0.88140558  0.1568847   0.44554617  0.00531396]
 [ 0.14644973 -0.98751594  0.0580064   0.45511994]
 [ 0.44908426  0.01412295 -0.89337778 -0.44427601]
 [ 0.          0.          0.          1.        ]]
[[ 0.88137027  0.15709385  0.44554232  0.0054513 ]
 [ 0.14646014 -0.98748814  0.05845167  0.45486197]
 [ 0.44915016  0.01373663 -0.89335068 -0.44436005]
 [ 0.          0.          0.          1.        ]]
[[ 0.8819549   0.15745205  0.44425714  0.00551036]
 [ 0.14669856 -0.98743609  0.05873247  0.4546324 ]
 [ 0.44792308  0.0133725  -0.89397208 -0.44419876]
 [ 0.          0.          0.          1.        ]]
[[ 0.88259959  0.15868895  0.44253336  0.00573137]
 [ 0.1481218  -0.98723173  0.05859563  0.45422783]
 [ 0.44618145  0.01383236 -0.89483562 -0.44387972]
 [ 0.          0.          0.          1.        ]]
[[ 0.88322314  0.16037302  0.44067832  0.00599051]
 [ 0.15050781 -0.98693435  0.05751511  0.45383137]
 [ 0.44414444  0.01552685 -0.89582065 -0.44312692]
 [ 0.          0.          0.          1.        ]]
[[ 0.88331396  0.16169655  0.44001213  0.006133  ]
 [ 0.15226067 -0.98669912  0.05693448  0.45360821]
 [ 0.44336569  0.01670552 -0.89618513 -0.4427101 ]
 [ 0.          0.          0.          1.        ]]
[[ 0.88322413  0.16212292  0.44003556  0.00620038]
 [ 0.15288207 -0.98661986  0.05664214  0.45342988]
 [ 0.44333081  0.01724584 -0.89619215 -0.44246581]
 [ 0.          0.          0.          1.        ]]
[[ 0.88315093  0.1620186   0.44022087  0.00615294]
 [ 0.15257986 -0.98664457  0.0570253   0.45320082]
 [ 0.44358069  0.01680689 -0.89607684 -0.44226363]
 [ 0.          0.          0.          1.        ]]
[[ 0.88406167  0.16131348  0.43864898  0.00580806]
 [ 0.15110415 -0.98679386  0.05835591  0.45305783]
 [ 0.44226971  0.01469146 -0.89676176 -0.442285  ]
 [ 0.          0.          0.          1.        ]]
[[ 0.88513811  0.16099777  0.43658932  0.00531801]
 [ 0.14958152 -0.98688651  0.06066621  0.45299098]
 [ 0.44063124  0.01160772 -0.89761315 -0.44256404]
 [ 0.          0.          0.          1.        ]]
[[ 0.8859155   0.16022281  0.43529573  0.00491075]
 [ 0.14759183 -0.98704431  0.06292992  0.45278761]
 [ 0.43973899  0.0084955  -0.89808544 -0.44295585]
 [ 0.          0.          0.          1.        ]]
[[ 0.88600191  0.15966524  0.43532474  0.00460911]
 [ 0.14627512 -0.98714873  0.06435035  0.4525398 ]
 [ 0.44000478  0.00666264 -0.89797071 -0.44332251]
 [ 0.          0.          0.          1.        ]]
[[ 0.88580549  0.16006167  0.43557881  0.00409908]
 [ 0.14610356 -0.98709155  0.06560508  0.45219353]
 [ 0.44045702  0.00552628 -0.89775669 -0.44345579]
 [ 0.          0.          0.          1.        ]]
[[ 0.88563906  0.15975023  0.43603133  0.00376733]
 [ 0.14595791 -0.98713985  0.06520126  0.45210809]
 [ 0.44083982  0.00589744 -0.89756642 -0.44351122]
 [ 0.          0.          0.          1.        ]]
[[ 0.88551437  0.1591388   0.4365079   0.00364432]
 [ 0.1458585  -0.98723159  0.06402417  0.45229992]
 [ 0.44112311  0.00697406 -0.8974195  -0.44356385]
 [ 0.          0.          0.          1.        ]]
[[ 0.88547092  0.15862823  0.4367818   0.00359523]
 [ 0.1463522  -0.98729606  0.06186705  0.45266664]
 [ 0.44104681  0.0091425  -0.89743753 -0.44355193]
 [ 0.          0.          0.          1.        ]]
[[ 0.88425984  0.15809146  0.43942192  0.00353899]
 [ 0.14787536 -0.98732504  0.05763803  0.45325884]
 [ 0.44296434  0.01401268 -0.89642972 -0.44361934]
 [ 0.          0.          0.          1.        ]]
[[ 0.88314808  0.15711729  0.44199958  0.00321865]
 [ 0.14779709 -0.98744811  0.05569791  0.45370817]
 [ 0.44520276  0.01613675 -0.89528437 -0.44402412]
 [ 0.          0.          0.          1.        ]]
[[ 0.88267593  0.15677149  0.44306422  0.00247371]
 [ 0.14657155 -0.98753201  0.05742212  0.4538396 ]
 [ 0.44654225  0.01425548 -0.89464898 -0.44450808]
 [ 0.          0.          0.          1.        ]]
[[ 0.88339982  0.15765995  0.44130273  0.00177777]
 [ 0.14667854 -0.98741456  0.05914293  0.45389494]
 [ 0.44507321  0.01248279 -0.89540718 -0.44447845]
 [ 0.          0.          0.          1.        ]]
[[ 0.88495151  0.15881897  0.43776405  0.00100295]
 [ 0.14637989 -0.9872669   0.06226552  0.45376322]
 [ 0.4420789   0.00897789 -0.89693124 -0.44485369]
 [ 0.          0.          0.          1.        ]]
[[ 8.85095188e-01  1.59027064e-01  4.37397876e-01  9.48322937e-04]
